70.5 88
63.5 65
75.5 84.5

76.5 74.5
73 69
80 74

63 66
63.5 71
68.5 68

76.5 93.5
83.5 54
73 73

74 71
76.5 64
66.5 61

73.5 72.5
69 99
75.5 63.5

68 67
72 78.5
69 91

67 67.5
76 70
79.5 66

78 81.5
62.5 62.5
65 57.5

65.5 82
75.5 62
73 74

87 69.5
80.5 69
74 83

79 77.5
86.5 66
69.5 78.5

77 64.5
61 64
75 0

67.5 80
68 62.5
0 75

71.5 67.5
76.5 73.5
73 84.5

81 79.5
67.5 80
75 0

64 73
69.5 72.5
78.5 67.5

67.5 72.5
77.5 67.5
85 68

76 76.5
58 66
78.5 68.5

78 78.5
79 73
0 75

77 76.5
71 62.5
72.5 73.5

71.5 77
79 65.5
73 65.5

78.5 64
66.5 75
75 0

68.5 74.5
73.5 70
0 75

74.5 78.5
65.5 78.5
75 0

84.5 86.5
81.5 59.5
75 0

0 75
72 81
70.5 67

67 73
67 72
0 75

70.5 71
74 66
66.5 78

70.5 82.5
63.5 69
0 75

72 87
63 74
0 75

75 0
61 72.5
70.5 65.5

75 72.5
70.5 71.5
75 0